      Z[km]    P [dyn/cm^2]  Rho [g/cm^2]     T[K]
      495.944      945.587  3.29248e-09      4348.19
      472.641      1181.22  4.11280e-09      4349.68
      449.339      1475.36  5.13562e-09      4351.90
      426.036      1842.40  6.40970e-09      4355.21
      402.734      2299.73  7.99295e-09      4360.13
      379.431      2871.67  9.96541e-09      4367.43
      356.129      3583.30  1.24063e-08      4378.14
      332.826      4468.20  1.54174e-08      4393.73
      309.524      5565.87  1.91098e-08      4416.20
      286.221      6924.63  2.36068e-08      4448.13
      262.919      8598.93  2.90281e-08      4492.45
      239.617      10651.4  3.54883e-08      4552.14
      216.314      13155.5  4.31050e-08      4629.31
      193.012      16180.3  5.19649e-08      4723.36
      169.709      19819.7  6.22425e-08      4830.93
      146.407      24167.8  7.41632e-08      4944.46
      123.104      29330.8  8.79881e-08      5057.19
      99.8018      35446.0  1.04037e-07      5166.16
      76.4994      42658.5  1.22690e-07      5275.39
      53.1969      51149.8  1.43832e-07      5395.20
      29.8944      61069.6  1.67226e-07      5539.17
      6.59198      72562.5  1.92440e-07      5718.58
     -16.7105      85677.6  2.18466e-07      5948.99
     -40.0129      100431.  2.43234e-07      6260.89
     -63.3154      116637.  2.62110e-07      6743.30
     -86.6179      133629.  2.69885e-07      7487.48
     -109.920      151130.  2.78690e-07      8165.63
     -133.223      169301.  2.91919e-07      8683.04
     -156.525      188475.  3.08207e-07      9095.91
     -179.828      208738.  3.26665e-07      9439.28
     -203.130      230225.  3.46879e-07      9735.03
     -226.433      253118.  3.68735e-07      9997.00
     -249.735      277353.  3.91985e-07      10231.9
     -273.038      303217.  4.16799e-07      10447.5
     -296.340      330660.  4.43034e-07      10646.6
     -319.643      359893.  4.70769e-07      10833.2
     -342.945      390863.  4.99888e-07      11008.5
     -366.247      423855.  5.30620e-07      11175.3
     -389.550      458749.  5.62845e-07      11333.8
     -412.852      495825.  5.96754e-07      11486.2
     -436.155      535029.  6.32177e-07      11632.6
     -459.457      576574.  6.69273e-07      11774.0
     -482.760      620712.  7.08245e-07      11911.7
     -506.062      667234.  7.48936e-07      12045.0
     -529.365      716445.  7.91538e-07      12175.0
     -552.667      768442.  8.35982e-07      12302.0
     -575.970      823507.  8.82475e-07      12426.6
     -599.272      881470.  9.30858e-07      12548.4
     -622.575      942538.  9.81329e-07      12667.9
     -645.877  1.00702e+06  1.03415e-06      12785.7
     -669.179  1.07484e+06  1.08904e-06      12901.4
     -692.482  1.14647e+06  1.14630e-06      13015.9
     -715.784  1.22160e+06  1.20565e-06      13128.5
     -739.087  1.30062e+06  1.26741e-06      13239.7
     -762.389  1.38394e+06  1.33200e-06      13350.0
     -785.692  1.47120e+06  1.39902e-06      13458.8
     -808.994  1.56279e+06  1.46851e-06      13566.5
     -832.297  1.65923e+06  1.54078e-06      13673.6
     -855.599  1.76014e+06  1.61556e-06      13779.6
     -878.902  1.86619e+06  1.69340e-06      13884.9
     -902.204  1.97688e+06  1.77402e-06      13989.0
     -925.507  2.09315e+06  1.85799e-06      14092.8
     -948.809  2.21483e+06  1.94477e-06      14195.9
     -972.111  2.34246e+06  2.03476e-06      14298.6
     -995.414  2.47558e+06  2.12761e-06      14400.4
     -1018.72  2.61489e+06  2.22388e-06      14501.9
     -1042.02  2.76029e+06  2.32354e-06      14602.7
     -1065.32  2.91236e+06  2.42700e-06      14703.2
     -1088.62  3.07106e+06  2.53381e-06      14803.2
     -1111.93  3.23719e+06  2.64437e-06      14903.2
     -1135.23  3.40986e+06  2.75808e-06      15002.5
     -1158.53  3.59049e+06  2.87583e-06      15101.7
     -1181.83  3.77873e+06  2.99741e-06      15200.6
     -1205.14  3.97482e+06  3.12315e-06      15299.2
     -1228.44  4.17900e+06  3.25316e-06      15397.5
     -1251.74  4.39154e+06  3.38710e-06      15495.5
     -1275.04  4.61270e+06  3.52495e-06      15593.4
     -1298.35  4.84357e+06  3.66732e-06      15691.3
     -1321.65  5.08288e+06  3.81344e-06      15788.8
     -1344.95  5.33221e+06  3.96438e-06      15886.3
     -1368.25  5.59134e+06  4.12017e-06      15983.6
     -1391.56  5.86056e+06  4.28103e-06      16080.9
     -1414.86  6.14018e+06  4.44646e-06      16178.0
     -1438.16  6.43052e+06  4.61640e-06      16275.0
     -1461.46  6.73189e+06  4.79101e-06      16371.9
     -1484.77  7.04525e+06  4.97087e-06      16469.0
     -1508.07  7.37022e+06  5.15577e-06      16566.0
     -1531.37  7.70673e+06  5.34567e-06      16662.8
     -1554.67  8.05563e+06  5.54122e-06      16759.6
     -1577.98  8.41728e+06  5.74265e-06      16856.4
     -1601.28  8.79204e+06  5.94941e-06      16953.2
     -1624.58  9.18030e+06  6.16151e-06      17050.0
     -1647.88  9.58242e+06  6.37898e-06      17146.8
     -1671.19  9.99881e+06  6.60204e-06      17243.7
     -1694.49  1.04297e+07  6.83083e-06      17340.7
     -1717.79  1.08758e+07  7.06594e-06      17437.7
     -1741.09  1.13374e+07  7.30762e-06      17534.9
     -1764.40  1.18133e+07  7.55531e-06      17631.8
     -1787.70  1.23073e+07  7.81018e-06      17729.1
     -1811.00  1.28162e+07  8.07022e-06      17826.2
     -1834.30  1.33424e+07  8.33652e-06      17923.5
     -1857.60  1.38862e+07  8.60929e-06      18020.9
     -1880.91  1.44480e+07  8.88867e-06      18118.5
     -1904.21  1.50286e+07  9.17488e-06      18216.2
     -1927.51  1.56260e+07  9.46725e-06      18313.8
     -1950.81  1.62430e+07  9.76724e-06      18411.6
     -1974.12  1.68799e+07  1.00753e-05      18509.5
     -1997.42  1.75374e+07  1.03907e-05      18607.6
     -2020.72  1.82159e+07  1.07130e-05      18706.0
     -2044.02  1.89135e+07  1.10414e-05      18804.2
     -2067.33  1.96332e+07  1.13771e-05      18902.7
     -2090.63  2.03746e+07  1.17201e-05      19001.2
     -2113.93  2.11380e+07  1.20705e-05      19099.9
     -2137.23  2.19246e+07  1.24288e-05      19198.8
     -2160.54  2.27356e+07  1.27956e-05      19298.0
     -2183.84  2.35696e+07  1.31706e-05      19397.2
     -2207.14  2.44298e+07  1.35551e-05      19496.8
     -2230.44  2.53109e+07  1.39456e-05      19596.2
     -2253.75  2.62201e+07  1.43448e-05      19696.0
     -2277.05  2.71562e+07  1.47522e-05      19796.1
     -2300.35  2.81183e+07  1.51674e-05      19896.2
     -2323.65  2.91057e+07  1.55902e-05      19996.5
     -2346.96  3.01217e+07  1.60220e-05      20097.0
     -2370.26  3.11636e+07  1.64614e-05      20197.5
     -2393.56  3.22377e+07  1.69111e-05      20298.6
     -2416.86  3.33383e+07  1.73689e-05      20399.6
     -2440.17  3.44720e+07  1.78378e-05      20501.1
     -2463.47  3.56328e+07  1.83144e-05      20602.5
     -2486.77  3.68259e+07  1.88001e-05      20704.2
     -2510.07  3.80502e+07  1.92942e-05      20806.2
     -2533.38  3.93087e+07  1.97979e-05      20908.5
     -2556.68  4.05974e+07  2.03098e-05      21010.9
     -2579.98  4.19216e+07  2.08319e-05      21113.6
     -2603.28  4.32774e+07  2.13626e-05      21216.4
     -2626.59  4.46699e+07  2.19040e-05      21319.6
     -2649.89  4.60952e+07  2.24543e-05      21422.8
     -2673.19  4.75587e+07  2.30155e-05      21526.5
     -2696.49  4.90561e+07  2.35862e-05      21630.2
     -2719.80  5.05933e+07  2.41682e-05      21734.4
     -2743.10  5.21697e+07  2.47601e-05      21838.9
     -2766.40  5.37791e+07  2.53592e-05      21943.3
     -2789.70  5.54332e+07  2.59700e-05      22048.4
     -2813.01  5.71214e+07  2.65885e-05      22153.3
     -2836.31  5.88564e+07  2.72193e-05      22258.9
     -2859.61  6.06262e+07  2.78582e-05      22364.5
     -2882.91  6.24397e+07  2.85085e-05      22470.3
     -2906.22  6.42993e+07  2.91708e-05      22576.8
     -2929.52  6.61986e+07  2.98427e-05      22683.2
     -2952.82  6.81397e+07  3.05249e-05      22789.9
     -2976.12  7.01289e+07  3.12196e-05      22897.0
     -2999.43  7.21601e+07  3.19247e-05      23004.2
     -3022.73  7.42415e+07  3.26419e-05      23112.0
     -3046.03  7.63665e+07  3.33681e-05      23219.9
     -3069.33  7.85382e+07  3.41044e-05      23328.1
     -3092.64  8.07646e+07  3.48536e-05      23436.8
     -3115.94  8.30288e+07  3.56097e-05      23545.4
     -3139.24  8.53462e+07  3.63781e-05      23654.5
     -3162.54  8.77151e+07  3.71582e-05      23763.9
     -3185.85  9.01350e+07  3.79495e-05      23873.6
     -3209.15  9.26054e+07  3.87518e-05      23983.6
     -3232.45  9.51341e+07  3.95674e-05      24094.2
     -3255.75  9.77099e+07  4.03927e-05      24204.8
     -3279.06  1.00342e+08  4.12311e-05      24315.8
     -3302.36  1.03023e+08  4.20798e-05      24426.9
     -3325.66  1.05763e+08  4.29415e-05      24538.5
     -3348.96  1.08562e+08  4.38151e-05      24650.4
     -3372.27  1.11410e+08  4.46976e-05      24762.5
     -3395.57  1.14321e+08  4.55925e-05      24875.0
     -3418.87  1.17293e+08  4.65000e-05      24988.0
     -3442.17  1.20318e+08  4.74167e-05      25101.0
     -3465.47  1.23406e+08  4.83459e-05      25214.5
     -3488.78  1.26550e+08  4.92850e-05      25328.1
     -3512.08  1.29760e+08  5.02374e-05      25442.3
     -3535.38  1.33037e+08  5.12029e-05      25556.9
     -3558.68  1.36364e+08  5.21766e-05      25671.4
     -3581.99  1.39763e+08  5.31653e-05      25786.5
     -3605.29  1.43224e+08  5.41655e-05      25901.9
     -3628.59  1.46753e+08  5.51795e-05      26017.7
     -3651.89  1.50346e+08  5.62059e-05      26133.7
     -3675.20  1.54008e+08  5.72459e-05      26250.0
     -3698.50  1.57736e+08  5.82965e-05      26366.7
     -3721.80  1.61529e+08  5.93578e-05      26483.6
     -3745.10  1.65398e+08  6.04327e-05      26601.0
     -3768.41  1.69329e+08  6.15169e-05      26718.4
     -3791.71  1.73336e+08  6.26146e-05      26836.4
     -3815.01  1.77413e+08  6.37234e-05      26954.7
     -3838.31  1.81559e+08  6.48435e-05      27073.2
     -3861.62  1.85788e+08  6.59781e-05      27192.2
     -3884.92  1.90080e+08  6.71220e-05      27311.2
     -3908.22  1.94455e+08  6.82808e-05      27430.9
     -3931.52  1.98903e+08  6.94516e-05      27550.8
     -3954.83  2.03426e+08  7.06347e-05      27670.9
     -3978.13  2.08023e+08  7.18303e-05      27791.3
     -4001.43  2.12697e+08  7.30384e-05      27911.8
     -4024.73  2.17461e+08  7.42633e-05      28033.1
     -4048.04  2.22290e+08  7.54972e-05      28154.3
     -4071.34  2.27211e+08  7.67469e-05      28276.1
     -4094.64  2.32213e+08  7.80080e-05      28398.2
     -4117.94  2.37294e+08  7.92805e-05      28520.4
     -4141.25  2.42457e+08  8.05646e-05      28643.0
     -4164.55  2.47701e+08  8.18603e-05      28765.8
     -4187.85  2.53028e+08  8.31676e-05      28888.9
     -4211.15  2.58452e+08  8.44904e-05      29012.6
     -4234.46  2.63951e+08  8.58229e-05      29136.3
     -4257.76  2.69541e+08  8.71686e-05      29260.4
     -4281.06  2.75216e+08  8.85264e-05      29384.8
     -4304.36  2.80990e+08  8.98990e-05      29509.6
     -4327.67  2.86851e+08  9.12839e-05      29634.7
     -4350.97  2.92782e+08  9.26768e-05      29759.7
     -4374.27  2.98820e+08  9.40864e-05      29885.3
     -4397.57  3.04948e+08  9.55086e-05      30011.3
     -4420.88  3.11169e+08  9.69441e-05      30137.5
     -4444.18  3.17489e+08  9.83945e-05      30264.1
     -4467.48  3.23912e+08  9.98608e-05      30391.2
     -4490.78  3.30414e+08  0.000101336      30518.2
     -4514.09  3.37011e+08  0.000102824      30645.5
     -4537.39  3.43705e+08  0.000104323      30773.1
     -4560.69  3.50512e+08  0.000105839      30901.3
     -4583.99  3.57410e+08  0.000107364      31029.6
     -4607.30  3.64399e+08  0.000108899      31158.0
     -4630.60  3.71487e+08  0.000110447      31286.7
     -4653.90  3.78699e+08  0.000112012      31416.2
     -4677.20  3.85993e+08  0.000113585      31545.5
     -4700.50  3.93388e+08  0.000115169      31675.1
     -4723.81  4.00913e+08  0.000116773      31805.5
     -4747.11  4.08516e+08  0.000118383      31935.7
     -4770.41  4.16225e+08  0.000120005      32066.2
     -4793.71  4.24039e+08  0.000121641      32197.0
     -4817.02  4.31963e+08  0.000123289      32328.1
     -4840.32  4.39995e+08  0.000124950      32459.5
     -4863.62  4.48139e+08  0.000126626      32591.3
     -4886.92  4.56418e+08  0.000128319      32723.7
     -4910.23  4.64778e+08  0.000130020      32856.0
     -4933.53  4.73229e+08  0.000131730      32988.2
     -4956.83  4.81821e+08  0.000133460      33121.1
     -4980.13  4.90527e+08  0.000135202      33254.4
     -5003.44  4.99346e+08  0.000136957      33387.9
     -5026.74  5.08257e+08  0.000138718      33521.3
     -5050.04  5.17313e+08  0.000140498      33655.5
     -5073.34  5.26487e+08  0.000142290      33789.9
     -5096.65  5.35751e+08  0.000144088      33924.3
     -5119.95  5.45134e+08  0.000145900      34058.9
     -5143.25  5.54671e+08  0.000147730      34194.3
     -5166.55  5.64298e+08  0.000149566      34329.7
     -5189.86  5.74047e+08  0.000151415      34465.3
     -5213.16  5.83920e+08  0.000153277      34601.2
     -5236.46  5.93921e+08  0.000155152      34737.5
     -5259.76  6.04018e+08  0.000157034      34873.8
     -5283.07  6.14260e+08  0.000158932      35010.6
     -5306.37  6.24638e+08  0.000160845      35147.9
     -5329.67  6.35124e+08  0.000162767      35285.2
     -5352.97  6.45727e+08  0.000164700      35422.7
     -5376.28  6.56479e+08  0.000166649      35560.8
     -5399.58  6.67364e+08  0.000168612      35699.2
     -5422.88  6.78360e+08  0.000170584      35837.8
     -5446.18  6.89480e+08  0.000172568      35976.5
     -5469.49  7.00716e+08  0.000174562      36115.4
     -5492.79  7.12114e+08  0.000176574      36255.0
     -5516.09  7.23648e+08  0.000178599      36395.0
     -5539.39  7.35281e+08  0.000180630      36534.9
     -5562.70  7.47082e+08  0.000182678      36675.6
     -5586.00  7.58993e+08  0.000184733      36816.3
     -5609.30  7.71037e+08  0.000186799      36957.3
     -5632.60  7.83222e+08  0.000188876      37098.7
     -5655.91  7.95546e+08  0.000190966      37240.5
     -5679.21  8.08011e+08  0.000193067      37382.6
     -5702.51  8.20621e+08  0.000195180      37525.1
     -5725.81  8.33367e+08  0.000197303      37667.9
     -5749.12  8.46226e+08  0.000199434      37810.8
     -5772.42  8.59264e+08  0.000201581      37954.5
     -5795.72  8.72408e+08  0.000203734      38098.2
     -5819.02  8.85696e+08  0.000205898      38242.3
     -5842.33  8.99129e+08  0.000208074      38386.7
     -5865.63  9.12714e+08  0.000210261      38531.5
     -5888.93  9.26447e+08  0.000212461      38676.8
     -5912.23  9.40325e+08  0.000214670      38822.3
     -5935.54  9.54321e+08  0.000216887      38967.9
     -5958.84  9.68501e+08  0.000219121      39114.3
     -5982.14  9.82798e+08  0.000221361      39260.8
     -6005.44  9.97241e+08  0.000223612      39407.7
     -6028.75  1.01184e+09  0.000225875      39554.9
     -6052.05  1.02660e+09  0.000228150      39702.5
     -6075.35  1.04150e+09  0.000230437      39850.4
     -6098.65  1.05653e+09  0.000232730      39998.4
     -6121.96  1.07171e+09  0.000235034      40146.8
     -6145.26  1.08708e+09  0.000237357      40296.0
     -6168.56  1.10260e+09  0.000239688      40445.4
     -6191.86  1.11824e+09  0.000242025      40594.8
     -6215.17  1.13402e+09  0.000244372      40744.5
     -6238.47  1.15001e+09  0.000246736      40894.9
     -6261.77  1.16610e+09  0.000249101      41045.3
     -6285.07  1.18240e+09  0.000251483      41196.5
     -6308.38  1.19881e+09  0.000253869      41347.6
     -6331.68  1.21537e+09  0.000256264      41499.0
     -6354.98  1.23213e+09  0.000258674      41651.1
     -6378.28  1.24906e+09  0.000261096      41803.5
     -6401.58  1.26610e+09  0.000263520      41956.0
     -6424.89  1.28331e+09  0.000265955      42108.9
     -6448.19  1.30069e+09  0.000268402      42262.2
     -6471.49  1.31823e+09  0.000270858      42415.8
     -6494.79  1.33591e+09  0.000273321      42569.5
     -6518.10  1.35380e+09  0.000275799      42724.1
     -6541.40  1.37182e+09  0.000278283      42878.7
     -6564.70  1.39000e+09  0.000280777      43033.7
     -6588.00  1.40836e+09  0.000283280      43188.9
     -6611.31  1.42685e+09  0.000285790      43344.3
     -6634.61  1.44555e+09  0.000288316      43500.6
     -6657.91  1.46439e+09  0.000290846      43657.0
     -6681.21  1.48341e+09  0.000293386      43813.6
     -6704.52  1.50259e+09  0.000295936      43970.6
     -6727.82  1.52191e+09  0.000298493      44127.7
     -6751.12  1.54145e+09  0.000301064      44285.7
     -6774.42  1.56113e+09  0.000303642      44443.8
     -6797.73  1.58099e+09  0.000306229      44602.2
     -6821.03  1.60103e+09  0.000308827      44761.0
     -6844.33  1.62119e+09  0.000311429      44919.8
     -6867.63  1.64153e+09  0.000314039      45079.2
     -6890.94  1.66206e+09  0.000316662      45238.9
     -6914.24  1.68278e+09  0.000319297      45399.0
     -6937.54  1.70370e+09  0.000321942      45559.6
     -6960.84  1.72477e+09  0.000324593      45720.7
     -6984.15  1.74601e+09  0.000327252      45881.9
     -7007.45  1.76740e+09  0.000329916      46043.2
     -7030.75  1.78895e+09  0.000332586      46204.6
     -7054.05  1.81073e+09  0.000335268      46367.0
     -7077.36  1.83266e+09  0.000337958      46529.6
     -7100.66  1.85477e+09  0.000340656      46692.3
     -7123.96  1.87708e+09  0.000343365      46855.5
     -7147.26  1.89951e+09  0.000346073      47018.8
     -7170.57  1.92213e+09  0.000348792      47182.5
     -7193.87  1.94496e+09  0.000351522      47346.7
     -7217.17  1.96799e+09  0.000354263      47511.1
     -7240.47  1.99119e+09  0.000357010      47676.2
     -7263.78  2.01456e+09  0.000359764      47841.4
     -7287.08  2.03810e+09  0.000362524      48006.7
     -7310.38  2.06180e+09  0.000365290      48172.1
     -7333.68  2.08573e+09  0.000368069      48338.5
     -7356.99  2.10984e+09  0.000370856      48505.0
     -7380.29  2.13413e+09  0.000373650      48671.7
     -7403.59  2.15856e+09  0.000376446      48838.5
     -7426.89  2.18318e+09  0.000379250      49005.8
     -7450.20  2.20802e+09  0.000382067      49173.4
     -7473.50  2.23308e+09  0.000384894      49341.4
     -7496.80  2.25825e+09  0.000387721      49509.6
     -7520.10  2.28363e+09  0.000390558      49678.2
     -7543.41  2.30922e+09  0.000393406      49847.0
     -7566.71  2.33497e+09  0.000396257      50016.0
     -7590.01  2.36090e+09  0.000399116      50185.5
     -7613.31  2.38707e+09  0.000401987      50355.4
     -7636.62  2.41345e+09  0.000404869      50525.6
     -7659.92  2.43996e+09  0.000407752      50696.0
     -7683.22  2.46665e+09  0.000410641      50866.5
     -7706.52  2.49354e+09  0.000413539      51037.2
     -7729.82  2.52064e+09  0.000416446      51208.4
     -7753.13  2.54789e+09  0.000419357      51379.7
     -7776.43  2.57536e+09  0.000422278      51551.3
     -7799.73  2.60304e+09  0.000425209      51723.3
     -7823.03  2.63093e+09  0.000428148      51895.9
     -7846.34  2.65899e+09  0.000431091      52068.4
     -7869.64  2.68721e+09  0.000434039      52240.8
     -7892.94  2.71569e+09  0.000436998      52414.2
     -7916.24  2.74433e+09  0.000439962      52587.5
     -7939.55  2.77314e+09  0.000442931      52760.8
     -7962.85  2.80215e+09  0.000445907      52934.6
     -7986.15  2.83140e+09  0.000448893      53108.8
     -8009.45  2.86088e+09  0.000451890      53283.3
     -8032.76  2.89051e+09  0.000454889      53458.0
     -8056.06  2.92031e+09  0.000457892      53632.8
     -8079.36  2.95033e+09  0.000460903      53807.7
     -8102.66  2.98051e+09  0.000463916      53982.8
     -8125.97  3.01090e+09  0.000466939      54158.3
     -8149.27  3.04154e+09  0.000469973      54334.1
     -8172.57  3.07234e+09  0.000473009      54510.0
     -8195.88  3.10336e+09  0.000476055      54686.3
     -8219.18  3.13463e+09  0.000479111      54862.9
     -8242.48  3.16606e+09  0.000482169      55039.7
     -8265.78  3.19767e+09  0.000485233      55216.6
     -8289.08  3.22951e+09  0.000488306      55393.6
     -8312.39  3.26149e+09  0.000491380      55570.8
     -8335.69  3.29373e+09  0.000494465      55748.4
     -8358.99  3.32621e+09  0.000497561      55926.3
     -8382.29  3.35885e+09  0.000500659      56104.3
     -8405.60  3.39169e+09  0.000503764      56282.5
     -8428.90  3.42476e+09  0.000506878      56460.8
     -8452.20  3.45805e+09  0.000510000      56639.7
     -8475.50  3.49153e+09  0.000513127      56818.5
     -8498.81  3.52519e+09  0.000516259      56997.2
     -8522.11  3.55906e+09  0.000519397      57176.5
     -8545.41  3.59317e+09  0.000522547      57355.9
     -8568.71  3.62749e+09  0.000525702      57535.5
     -8592.02  3.66198e+09  0.000528860      57715.3
     -8615.32  3.69671e+09  0.000532029      57895.1
     -8638.62  3.73162e+09  0.000535201      58075.2
     -8661.92  3.76673e+09  0.000538380      58255.4
     -8685.23  3.80210e+09  0.000541569      58435.7
     -8708.53  3.83760e+09  0.000544758      58616.2
     -8731.83  3.87338e+09  0.000547961      58796.9
     -8755.13  3.90944e+09  0.000551175      58978.1
     -8778.44  3.94558e+09  0.000554386      59159.1
     -8801.74  3.98198e+09  0.000557608      59340.2
     -8825.04  4.01861e+09  0.000560837      59521.6
     -8848.34  4.05543e+09  0.000564073      59703.1
     -8871.65  4.09252e+09  0.000567319      59884.7
     -8894.95  4.12975e+09  0.000570565      60066.6
     -8918.25  4.16725e+09  0.000573822      60248.6
     -8941.55  4.20496e+09  0.000577086      60430.7
     -8964.86  4.24286e+09  0.000580354      60613.0
     -8988.16  4.28104e+09  0.000583634      60795.3
     -9011.46  4.31936e+09  0.000586915      60977.9
     -9034.76  4.35795e+09  0.000590207      61160.6
     -9058.07  4.39677e+09  0.000593506      61343.4
     -9081.37  4.43574e+09  0.000596806      61526.3
     -9104.67  4.47498e+09  0.000600117      61709.2
     -9127.97  4.51440e+09  0.000603430      61892.3
     -9151.28  4.55407e+09  0.000606752      62075.5
     -9174.58  4.59397e+09  0.000610082      62258.9
     -9197.88  4.63405e+09  0.000613413      62442.3
     -9221.18  4.67440e+09  0.000616756      62625.8
     -9244.49  4.71494e+09  0.000620104      62809.6
     -9267.79  4.75573e+09  0.000623461      62993.4
     -9291.09  4.79670e+09  0.000626821      63177.1
     -9314.39  4.83791e+09  0.000630189      63361.1
     -9337.70  4.87943e+09  0.000633571      63545.3
     -9361.00  4.92106e+09  0.000636951      63729.5
     -9384.30  4.96298e+09  0.000640343      63913.8
     -9407.60  5.00506e+09  0.000643737      64098.0
     -9430.91  5.04741e+09  0.000647140      64282.4
     -9454.21  5.09001e+09  0.000650553      64467.0
     -9477.51  5.13277e+09  0.000653966      64651.6
     -9500.81  5.17584e+09  0.000657392      64836.2
     -9524.12  5.21902e+09  0.000660816      65020.8
     -9547.42  5.26251e+09  0.000664253      65205.6
     -9570.72  5.30623e+09  0.000667696      65390.5
     -9594.02  5.35016e+09  0.000671146      65575.5
     -9617.33  5.39435e+09  0.000674605      65760.4
     -9640.63  5.43872e+09  0.000678067      65945.5
     -9663.93  5.48339e+09  0.000681543      66130.6
     -9687.23  5.52823e+09  0.000685019      66315.9
     -9710.54  5.57337e+09  0.000688509      66501.2
     -9733.84  5.61864e+09  0.000691999      66686.4
     -9757.14  5.66420e+09  0.000695499      66871.7
     -9780.44  5.71002e+09  0.000699007      67057.2
     -9803.75  5.75603e+09  0.000702519      67242.6
     -9827.05  5.80229e+09  0.000706039      67428.0
     -9850.35  5.84876e+09  0.000709564      67613.5
     -9873.65  5.89557e+09  0.000713103      67799.2
     -9896.95  5.94245e+09  0.000716639      67984.7
     -9920.26  5.98968e+09  0.000720189      68170.3
     -9943.56  6.03711e+09  0.000723745      68356.1
     -9966.86  6.08483e+09  0.000727312      68541.8
     -9990.16  6.13273e+09  0.000730881      68727.5
     -10013.5  6.18086e+09  0.000734458      68913.2
     -10036.8  6.22922e+09  0.000738040      69098.8
     -10060.1  6.27782e+09  0.000741632      69284.5
     -10083.4  6.32672e+09  0.000745235      69470.4
     -10106.7  6.37580e+09  0.000748839      69656.2
     -10130.0  6.42518e+09  0.000752454      69842.0
     -10153.3  6.47474e+09  0.000756071      70027.9
     -10176.6  6.52463e+09  0.000759703      70213.7
     -10199.9  6.57467e+09  0.000763334      70399.7
     -10223.2  6.62505e+09  0.000766981      70585.7
     -10246.5  6.67556e+09  0.000770626      70771.5
     -10269.8  6.72640e+09  0.000774285      70957.4
     -10293.1  6.77739e+09  0.000777944      71143.2
     -10316.4  6.82870e+09  0.000781615      71329.1
     -10339.7  6.88022e+09  0.000785291      71515.0
     -10363.0  6.93203e+09  0.000788976      71700.9
     -10386.3  6.98402e+09  0.000792665      71886.7
     -10409.6  7.03630e+09  0.000796364      72072.6
     -10432.9  7.08883e+09  0.000800071      72258.6
     -10456.2  7.14162e+09  0.000803784      72444.5
     -10479.5  7.19465e+09  0.000807503      72630.4
     -10502.8  7.24792e+09  0.000811229      72816.2
     -10526.1  7.30143e+09  0.000814964      73002.0
     -10549.4  7.35518e+09  0.000818704      73187.8
     -10572.7  7.40919e+09  0.000822453      73373.6
     -10596.0  7.46344e+09  0.000826207      73559.3
     -10619.3  7.51794e+09  0.000829971      73745.0
     -10642.6  7.57271e+09  0.000833741      73930.8
     -10665.9  7.62777e+09  0.000837523      74116.6
     -10689.2  7.68303e+09  0.000841307      74302.3
     -10712.5  7.73855e+09  0.000845099      74487.9
     -10735.8  7.79430e+09  0.000848896      74673.5
     -10759.1  7.85031e+09  0.000852703      74859.1
     -10782.4  7.90661e+09  0.000856516      75044.7
     -10805.8  7.96319e+09  0.000860341      75230.4
     -10829.1  8.01999e+09  0.000864170      75415.9
     -10852.4  8.07706e+09  0.000868007      75601.4
     -10875.7  8.13436e+09  0.000871851      75786.9
     -10899.0  8.19193e+09  0.000875702      75972.3
     -10922.3  8.24977e+09  0.000879563      76157.7
     -10945.6  8.30787e+09  0.000883431      76343.1
     -10968.9  8.36622e+09  0.000887306      76528.4
     -10992.2  8.42479e+09  0.000891186      76713.6
     -11015.5  8.48366e+09  0.000895076      76898.8
     -11038.8  8.54277e+09  0.000898971      77084.0
     -11062.1  8.60220e+09  0.000902878      77269.2
     -11085.4  8.66181e+09  0.000906788      77454.3
     -11108.7  8.72178e+09  0.000910712      77639.5
     -11132.0  8.78190e+09  0.000914635      77824.4
     -11155.3  8.84239e+09  0.000918573      78009.4
     -11178.6  8.90302e+09  0.000922512      78194.3
     -11201.9  8.96407e+09  0.000926469      78379.3
     -11225.2  9.02522e+09  0.000930422      78564.1
     -11248.5  9.08677e+09  0.000934390      78748.8
     -11271.8  9.14849e+09  0.000938362      78933.6
     -11295.1  9.21058e+09  0.000942348      79118.4
     -11318.4  9.27284e+09  0.000946335      79303.0
     -11341.7  9.33542e+09  0.000950334      79487.6
     -11365.0  9.39824e+09  0.000954339      79672.1
     -11388.3  9.46133e+09  0.000958350      79856.5
     -11411.6  9.52470e+09  0.000962371      80041.0
     -11434.9  9.58833e+09  0.000966399      80225.4
     -11458.2  9.65232e+09  0.000970440      80409.8
     -11481.5  9.71645e+09  0.000974481      80594.1
     -11504.8  9.78100e+09  0.000978540      80778.4
     -11528.1  9.84562e+09  0.000982596      80962.5
     -11551.4  9.91070e+09  0.000986669      81146.6
     -11574.7  9.97590e+09  0.000990742      81330.6
     -11598.0  1.00415e+10  0.000994829      81514.6
     -11621.3  1.01072e+10  0.000998921      81698.5
     -11644.6  1.01733e+10   0.00100302      81882.3
     -11667.9  1.02397e+10   0.00100713      82066.2
     -11691.2  1.03064e+10   0.00101125      82250.1
     -11714.5  1.03734e+10   0.00101538      82433.9
     -11737.8  1.04405e+10   0.00101950      82617.5
     -11761.2  1.05080e+10   0.00102365      82801.1
     -11784.5  1.05757e+10   0.00102779      82984.5
     -11807.8  1.06437e+10   0.00103195      83168.0
     -11831.1  1.07120e+10   0.00103611      83351.5
     -11854.4  1.07807e+10   0.00104028      83535.0
     -11877.7  1.08496e+10   0.00104447      83718.4
     -11901.0  1.09187e+10   0.00104865      83901.6
     -11924.3  1.09882e+10   0.00105285      84084.8
     -11947.6  1.10578e+10   0.00105705      84268.0
     -11970.9  1.11279e+10   0.00106126      84451.1
     -11994.2  1.11981e+10   0.00106547      84634.1
     -12017.5  1.12687e+10   0.00106970      84817.2
     -12040.8  1.13396e+10   0.00107393      85000.1
     -12064.1  1.14107e+10   0.00107817      85183.1
     -12087.4  1.14822e+10   0.00108242      85366.0
     -12110.7  1.15538e+10   0.00108667      85548.7
     -12134.0  1.16259e+10   0.00109094      85731.4
     -12157.3  1.16981e+10   0.00109521      85914.1
     -12180.6  1.17707e+10   0.00109949      86096.8
     -12203.9  1.18436e+10   0.00110378      86279.5
     -12227.2  1.19167e+10   0.00110807      86462.0
     -12250.5  1.19903e+10   0.00111238      86644.5
     -12273.8  1.20639e+10   0.00111668      86826.8
     -12297.1  1.21380e+10   0.00112100      87009.1
     -12320.4  1.22122e+10   0.00112532      87191.4
     -12343.7  1.22868e+10   0.00112965      87373.6
     -12367.0  1.23617e+10   0.00113399      87555.9
     -12390.3  1.24369e+10   0.00113834      87738.0
     -12413.6  1.25125e+10   0.00114270      87920.2
     -12436.9  1.25881e+10   0.00114705      88102.2
     -12460.2  1.26642e+10   0.00115143      88284.2
     -12483.5  1.27406e+10   0.00115580      88466.1
     -12506.8  1.28172e+10   0.00116019      88648.0
     -12530.1  1.28943e+10   0.00116458      88829.9
     -12553.4  1.29714e+10   0.00116898      89011.7
     -12576.7  1.30490e+10   0.00117339      89193.4
     -12600.0  1.31268e+10   0.00117780      89375.1
     -12623.3  1.32050e+10   0.00118223      89556.8
     -12646.6  1.32835e+10   0.00118666      89738.5
     -12669.9  1.33622e+10   0.00119109      89920.0
     -12693.2  1.34413e+10   0.00119554      90101.5
     -12716.6  1.35206e+10   0.00119999      90282.9
     -12739.9  1.36002e+10   0.00120445      90464.2
     -12763.2  1.36802e+10   0.00120891      90645.6
     -12786.5  1.37603e+10   0.00121338      90826.8
     -12809.8  1.38409e+10   0.00121787      91007.9
     -12833.1  1.39217e+10   0.00122235      91189.1
     -12856.4  1.40028e+10   0.00122685      91370.3
     -12879.7  1.40844e+10   0.00123136      91551.4
     -12903.0  1.41660e+10   0.00123586      91732.4
     -12926.3  1.42482e+10   0.00124039      91913.4
     -12949.6  1.43305e+10   0.00124491      92094.4
     -12972.9  1.44132e+10   0.00124945      92275.4
     -12996.2  1.44963e+10   0.00125400      92456.3
     -13019.5  1.45794e+10   0.00125854      92637.1
     -13042.8  1.46631e+10   0.00126310      92817.8
     -13066.1  1.47469e+10   0.00126766      92998.5
     -13089.4  1.48312e+10   0.00127224      93179.2
     -13112.7  1.49158e+10   0.00127682      93359.9
     -13136.0  1.50005e+10   0.00128140      93540.4
     -13159.3  1.50857e+10   0.00128600      93720.9
     -13182.6  1.51711e+10   0.00129060      93901.4
     -13205.9  1.52568e+10   0.00129521      94081.9
     -13229.2  1.53430e+10   0.00129984      94262.3
     -13252.5  1.54293e+10   0.00130445      94442.7
     -13275.8  1.55160e+10   0.00130909      94623.1
     -13299.1  1.56031e+10   0.00131373      94803.4
     -13322.4  1.56904e+10   0.00131837      94983.7
     -13345.7  1.57781e+10   0.00132303      95163.9
     -13369.0  1.58660e+10   0.00132769      95344.1
     -13392.3  1.59542e+10   0.00133236      95524.3
     -13415.6  1.60429e+10   0.00133704      95704.5
     -13438.9  1.61317e+10   0.00134172      95884.5
     -13462.2  1.62210e+10   0.00134641      96064.6
     -13485.5  1.63106e+10   0.00135111      96244.6
     -13508.8  1.64004e+10   0.00135582      96424.6
     -13532.1  1.64906e+10   0.00136054      96604.6
     -13555.4  1.65811e+10   0.00136525      96784.5
     -13578.7  1.66719e+10   0.00136998      96964.4
     -13602.0  1.67631e+10   0.00137472      97144.3
     -13625.3  1.68544e+10   0.00137946      97324.2
     -13648.7  1.69463e+10   0.00138421      97504.0
     -13672.0  1.70384e+10   0.00138897      97683.8
     -13695.3  1.71307e+10   0.00139373      97863.6
     -13718.6  1.72236e+10   0.00139851      98043.4
     -13741.9  1.73166e+10   0.00140329      98223.1
     -13765.2  1.74100e+10   0.00140808      98402.8
     -13788.5  1.75038e+10   0.00141288      98582.5
     -13811.8  1.75977e+10   0.00141767      98762.0
     -13835.1  1.76920e+10   0.00142248      98941.6
     -13858.4  1.77868e+10   0.00142729      99121.2
     -13881.7  1.78817e+10   0.00143211      99300.8
     -13905.0  1.79771e+10   0.00143695      99480.4
     -13928.3  1.80728e+10   0.00144178      99660.0
     -13951.6  1.81688e+10   0.00144663      99839.6
     -13974.9  1.82653e+10   0.00145149      100019.
     -13998.2  1.83618e+10   0.00145634      100199.
     -14021.5  1.84588e+10   0.00146121      100378.
     -14044.8  1.85563e+10   0.00146609      100558.
     -14068.1  1.86538e+10   0.00147096      100737.
     -14091.4  1.87519e+10   0.00147585      100917.
     -14114.7  1.88503e+10   0.00148075      101096.
     -14138.0  1.89488e+10   0.00148564      101276.
     -14161.3  1.90478e+10   0.00149055      101455.
     -14184.6  1.91471e+10   0.00149547      101635.
     -14207.9  1.92467e+10   0.00150039      101814.
     -14231.2  1.93469e+10   0.00150533      101994.
     -14254.5  1.94471e+10   0.00151026      102173.
     -14277.8  1.95477e+10   0.00151520      102353.
     -14301.1  1.96488e+10   0.00152016      102532.
     -14324.4  1.97500e+10   0.00152511      102711.
     -14347.7  1.98517e+10   0.00153007      102891.
     -14371.0  1.99538e+10   0.00153505      103070.
     -14394.3  2.00560e+10   0.00154002      103250.
     -14417.6  2.01587e+10   0.00154501      103429.
     -14440.9  2.02618e+10   0.00155001      103609.
     -14464.2  2.03650e+10   0.00155500      103788.
     -14487.5  2.04688e+10   0.00156001      103967.
     -14510.8  2.05729e+10   0.00156503      104147.
     -14534.1  2.06772e+10   0.00157005      104326.
     -14557.4  2.07820e+10   0.00157508      104506.
     -14580.7  2.08871e+10   0.00158012      104685.
     -14604.1  2.09924e+10   0.00158515      104865.
     -14627.4  2.10983e+10   0.00159021      105044.
     -14650.7  2.12044e+10   0.00159527      105224.
     -14674.0  2.13107e+10   0.00160032      105403.
     -14697.3  2.14176e+10   0.00160540      105583.
     -14720.6  2.15248e+10   0.00161047      105762.
     -14743.9  2.16322e+10   0.00161556      105942.
     -14767.2  2.17402e+10   0.00162066      106121.
     -14790.5  2.18483e+10   0.00162575      106301.
     -14813.8  2.19567e+10   0.00163086      106480.
     -14837.1  2.20657e+10   0.00163598      106660.
     -14860.4  2.21748e+10   0.00164109      106839.
     -14883.7  2.22843e+10   0.00164621      107019.
     -14907.0  2.23943e+10   0.00165135      107198.
     -14930.3  2.25045e+10   0.00165649      107378.
     -14953.6  2.26151e+10   0.00166164      107558.
     -14976.9  2.27263e+10   0.00166680      107737.
     -15000.2  2.28375e+10   0.00167196      107917.
     -15023.5  2.29491e+10   0.00167712      108096.
     -15046.8  2.30612e+10   0.00168230      108276.
     -15070.1  2.31735e+10   0.00168748      108456.
     -15093.4  2.32862e+10   0.00169267      108635.
     -15116.7  2.33994e+10   0.00169788      108815.
     -15140.0  2.35128e+10   0.00170308      108995.
     -15163.3  2.36266e+10   0.00170829      109174.
     -15186.6  2.37409e+10   0.00171352      109354.
     -15209.9  2.38553e+10   0.00171874      109534.
     -15233.2  2.39701e+10   0.00172397      109714.
     -15256.5  2.40855e+10   0.00172921      109893.
     -15279.8  2.42009e+10   0.00173446      110073.
     -15303.1  2.43168e+10   0.00173971      110253.
     -15326.4  2.44333e+10   0.00174498      110433.
     -15349.7  2.45498e+10   0.00175024      110613.
     -15373.0  2.46667e+10   0.00175551      110792.
     -15396.3  2.47842e+10   0.00176080      110972.
     -15419.6  2.49019e+10   0.00176609      111152.
     -15442.9  2.50199e+10   0.00177138      111332.
     -15466.2  2.51384e+10   0.00177669      111512.
     -15489.5  2.52572e+10   0.00178200      111692.
     -15512.8  2.53763e+10   0.00178731      111872.
     -15536.2  2.54960e+10   0.00179264      112052.
     -15559.5  2.56159e+10   0.00179798      112232.
     -15582.8  2.57361e+10   0.00180331      112412.
     -15606.1  2.58569e+10   0.00180866      112592.
     -15629.4  2.59780e+10   0.00181401      112772.
     -15652.7  2.60992e+10   0.00181936      112952.
     -15676.0  2.62209e+10   0.00182472      113132.
     -15699.3  2.63431e+10   0.00183009      113312.
     -15722.6  2.64654e+10   0.00183546      113493.
     -15745.9  2.65883e+10   0.00184085      113673.
     -15769.2  2.67117e+10   0.00184625      113853.
     -15792.5  2.68351e+10   0.00185163      114034.
     -15815.8  2.69591e+10   0.00185703      114214.
     -15839.1  2.70836e+10   0.00186245      114394.
     -15862.4  2.72081e+10   0.00186786      114575.
     -15885.7  2.73332e+10   0.00187328      114755.
     -15909.0  2.74589e+10   0.00187871      114935.
     -15932.3  2.75845e+10   0.00188414      115116.
     -15955.6  2.77106e+10   0.00188957      115296.
     -15978.9  2.78373e+10   0.00189503      115477.
     -16002.2  2.79641e+10   0.00190047      115657.
     -16025.5  2.80913e+10   0.00190593      115838.
     -16048.8  2.82190e+10   0.00191139      116018.
     -16072.1  2.83471e+10   0.00191686      116199.
     -16095.4  2.84753e+10   0.00192233      116379.
     -16118.7  2.86042e+10   0.00192782      116560.
     -16142.0  2.87335e+10   0.00193331      116741.
     -16165.3  2.88629e+10   0.00193880      116921.
     -16188.6  2.89928e+10   0.00194430      117102.
     -16211.9  2.91234e+10   0.00194982      117283.
     -16235.2  2.92538e+10   0.00195532      117464.
     -16258.5  2.93848e+10   0.00196084      117645.
     -16281.8  2.95165e+10   0.00196637      117826.
     -16305.1  2.96481e+10   0.00197190      118007.
     -16328.4  2.97803e+10   0.00197744      118188.
     -16351.7  2.99130e+10   0.00198299      118369.
     -16375.0  3.00460e+10   0.00198853      118550.
     -16398.3  3.01791e+10   0.00199408      118731.
     -16421.6  3.03130e+10   0.00199965      118912.
     -16444.9  3.04471e+10   0.00200522      119093.
     -16468.2  3.05814e+10   0.00201078      119274.
     -16491.6  3.07162e+10   0.00201636      119455.
     -16514.9  3.08517e+10   0.00202195      119637.
     -16538.2  3.09871e+10   0.00202753      119818.
     -16561.5  3.11230e+10   0.00203313      119999.
     -16584.8  3.12596e+10   0.00203874      120181.
     -16608.1  3.13963e+10   0.00204434      120362.
     -16631.4  3.15335e+10   0.00204995      120544.
     -16654.7  3.16712e+10   0.00205558      120725.
     -16678.0  3.18092e+10   0.00206121      120907.
     -16701.3  3.19474e+10   0.00206683      121088.
     -16724.6  3.20861e+10   0.00207247      121270.
     -16747.9  3.22254e+10   0.00207812      121452.
     -16771.2  3.23647e+10   0.00208376      121633.
     -16794.5  3.25045e+10   0.00208941      121815.
     -16817.8  3.26449e+10   0.00209508      121997.
     -16841.1  3.27855e+10   0.00210074      122179.
     -16864.4  3.29265e+10   0.00210640      122361.
     -16887.7  3.30680e+10   0.00211209      122543.
     -16911.0  3.32099e+10   0.00211777      122725.
     -16934.3  3.33520e+10   0.00212345      122907.
     -16957.6  3.34946e+10   0.00212915      123089.
     -16980.9  3.36378e+10   0.00213486      123271.
     -17004.2  3.37810e+10   0.00214055      123453.
     -17027.5  3.39247e+10   0.00214626      123635.
     -17050.8  3.40690e+10   0.00215198      123817.
     -17074.1  3.42134e+10   0.00215770      124000.
     -17097.4  3.43583e+10   0.00216342      124182.
     -17120.7  3.45038e+10   0.00216915      124365.
     -17144.0  3.46497e+10   0.00217490      124547.
     -17167.3  3.47956e+10   0.00218063      124730.
     -17190.6  3.49421e+10   0.00218638      124912.
     -17213.9  3.50893e+10   0.00219214      125095.
     -17237.2  3.52365e+10   0.00219790      125277.
     -17260.5  3.53842e+10   0.00220366      125460.
     -17283.8  3.55324e+10   0.00220944      125643.
     -17307.1  3.56811e+10   0.00221522      125826.
     -17330.4  3.58298e+10   0.00222099      126009.
     -17353.7  3.59790e+10   0.00222677      126191.
     -17377.0  3.61289e+10   0.00223257      126374.
     -17400.3  3.62788e+10   0.00223836      126557.
     -17423.7  3.64292e+10   0.00224416      126740.
     -17447.0  3.65803e+10   0.00224998      126923.
     -17470.3  3.67317e+10   0.00225579      127106.
     -17493.6  3.68833e+10   0.00226161      127290.
     -17516.9  3.70355e+10   0.00226743      127473.
     -17540.2  3.71883e+10   0.00227328      127656.
     -17563.5  3.73410e+10   0.00227910      127840.
     -17586.8  3.74943e+10   0.00228494      128023.
     -17610.1  3.76481e+10   0.00229079      128207.
     -17633.4  3.78022e+10   0.00229664      128390.
     -17656.7  3.79566e+10   0.00230249      128574.
     -17680.0  3.81116e+10   0.00230836      128757.
     -17703.3  3.82673e+10   0.00231424      128941.
     -17726.6  3.84229e+10   0.00232010      129125.
     -17749.9  3.85790e+10   0.00232598      129308.
     -17773.2  3.87357e+10   0.00233187      129492.
     -17796.5  3.88927e+10   0.00233776      129676.
     -17819.8  3.90499e+10   0.00234365      129860.
     -17843.1  3.92076e+10   0.00234954      130044.
     -17866.4  3.93660e+10   0.00235546      130228.
     -17889.7  3.95243e+10   0.00236136      130412.
     -17913.0  3.96833e+10   0.00236727      130596.
     -17936.3  3.98428e+10   0.00237320      130780.
     -17959.6  4.00028e+10   0.00237913      130964.
     -17982.9  4.01629e+10   0.00238506      131149.
     -18006.2  4.03236e+10   0.00239100      131333.
     -18029.5  4.04850e+10   0.00239695      131517.
     -18052.8  4.06463e+10   0.00240290      131702.
     -18076.1  4.08081e+10   0.00240884      131886.
     -18099.4  4.09705e+10   0.00241481      132071.
     -18122.7  4.11334e+10   0.00242078      132255.
     -18146.0  4.12962e+10   0.00242674      132440.
     -18169.3  4.14598e+10   0.00243271      132625.
     -18192.6  4.16239e+10   0.00243869      132809.
     -18215.9  4.17882e+10   0.00244468      132994.
     -18239.2  4.19528e+10   0.00245066      133179.
     -18262.5  4.21180e+10   0.00245666      133364.
     -18285.8  4.22839e+10   0.00246267      133549.
     -18309.1  4.24497e+10   0.00246867      133734.
     -18332.4  4.26160e+10   0.00247467      133919.
     -18355.7  4.27830e+10   0.00248069      134104.
     -18379.1  4.29505e+10   0.00248672      134289.
     -18402.4  4.31179e+10   0.00249274      134474.
     -18425.7  4.32860e+10   0.00249877      134660.
     -18449.0  4.34548e+10   0.00250482      134845.
     -18472.3  4.36236e+10   0.00251085      135030.
     -18495.6  4.37928e+10   0.00251689      135216.
     -18518.9  4.39625e+10   0.00252295      135401.
     -18542.2  4.41331e+10   0.00252901      135586.
     -18565.5  4.43034e+10   0.00253507      135772.
     -18588.8  4.44743e+10   0.00254113      135958.
     -18612.1  4.46460e+10   0.00254722      136143.
     -18635.4  4.48181e+10   0.00255330      136329.
     -18658.7  4.49901e+10   0.00255938      136515.
     -18682.0  4.51627e+10   0.00256546      136701.
     -18705.3  4.53361e+10   0.00257157      136886.
     -18728.6  4.55096e+10   0.00257767      137072.
     -18751.9  4.56834e+10   0.00258376      137258.
     -18775.2  4.58580e+10   0.00258988      137444.
     -18798.5  4.60330e+10   0.00259600      137630.
     -18821.8  4.62082e+10   0.00260212      137817.
     -18845.1  4.63837e+10   0.00260824      138003.
     -18868.4  4.65600e+10   0.00261438      138189.
     -18891.7  4.67368e+10   0.00262053      138375.
     -18915.0  4.69134e+10   0.00262666      138562.
     -18938.3  4.70908e+10   0.00263280      138748.
     -18961.6  4.72688e+10   0.00263896      138934.
     -18984.9  4.74472e+10   0.00264513      139121.
     -19008.2  4.76256e+10   0.00265128      139307.
     -19031.5  4.78046e+10   0.00265745      139494.
     -19054.8  4.79845e+10   0.00266363      139681.
     -19078.1  4.81644e+10   0.00266981      139867.
     -19101.4  4.83445e+10   0.00267599      140054.
     -19124.7  4.85253e+10   0.00268218      140241.
     -19148.0  4.87069e+10   0.00268838      140428.
     -19171.3  4.88883e+10   0.00269457      140614.
     -19194.6  4.90703e+10   0.00270078      140801.
     -19217.9  4.92530e+10   0.00270699      140988.
     -19241.2  4.94363e+10   0.00271322      141175.
     -19264.5  4.96193e+10   0.00271943      141363.
     -19287.8  4.98031e+10   0.00272565      141550.
     -19311.1  4.99875e+10   0.00273189      141737.
     -19334.5  5.01723e+10   0.00273813      141924.
     -19357.8  5.03573e+10   0.00274436      142111.
     -19381.1  5.05429e+10   0.00275061      142299.
     -19404.4  5.07291e+10   0.00275687      142486.
     -19427.7  5.09157e+10   0.00276313      142673.
     -19451.0  5.11023e+10   0.00276939      142861.
     -19474.3  5.12895e+10   0.00277566      143048.
     -19497.6  5.14775e+10   0.00278194      143236.
     -19520.9  5.16658e+10   0.00278822      143424.
     -19544.2  5.18543e+10   0.00279450      143611.
     -19567.5  5.20434e+10   0.00280080      143799.
     -19590.8  5.22334e+10   0.00280710      143987.
     -19614.1  5.24232e+10   0.00281340      144175.
     -19637.4  5.26132e+10   0.00281970      144363.
     -19660.7  5.28041e+10   0.00282601      144550.
     -19684.0  5.29955e+10   0.00283234      144738.
     -19707.3  5.31871e+10   0.00283866      144926.
     -19730.6  5.33791e+10   0.00284498      145114.
     -19753.9  5.35719e+10   0.00285132      145302.
     -19777.2  5.37653e+10   0.00285767      145491.
     -19800.5  5.39585e+10   0.00286401      145679.
     -19823.8  5.41523e+10   0.00287036      145867.
     -19847.1  5.43467e+10   0.00287672      146055.
     -19870.4  5.45419e+10   0.00288309      146244.
     -19893.7  5.47369e+10   0.00288945      146432.
     -19917.0  5.49325e+10   0.00289581      146620.
     -19940.3  5.51287e+10   0.00290220      146809.
     -19963.6  5.53257e+10   0.00290859      146997.